121
216
120
123
97
155
231
82
125
100
88
88
60
222
215
224
94
162
92
181
85
48
155
151
157
84
181
112
93
96
44
93
220
156
153
91
223
101
159
175
172
175
174
100
220
94
54
87
57
177
89
203
98
180
99
162
124
97
202
172
90
50
46
57
170
163
153
172
101
46
163
96
91
82
95
217
122
42
91
101
169
126
215
46
220
59
209
176
56
171
45
94
88
49
128
229
84
226
112
97
85
96
230
52
224
166
230
152
160
91
126
215
224
169
87
156
157
175
228
60
81
165
91
94
179
208
93
94
98
81
171
95
41
101
52
58
81
93
151
201
93
94
130
117
99
82
168
50
92
86
89
210
156
58
208
114
176
52
155
168
86
172
216
45
202
93
99
159
180
42
157
152
231
41
96
207
167
128
228
172
44
180
163
171
226
87
89
93
94
181
83
160
203
163
156
97
60
159
216
120
114
166
157
225
205
212
96
97
49
214
59
122
58
215
92
218
167
169
43
52
81
84
204
52
100
98
212
176
209
52
82
61
211
167
93
128
55
159
220
218
83
92
205
169
174
164
90
220
81
159
111
219
123
95
224
98
213
168
95
128
172
82
156
215
151
97
101
226
114
160
180
94
208
57
118
167
93
120
96
51
98
231
127
50
180
44
172
177
83
85
125
218
177
217
166
94
99
100
111
213
47
156
163
217
50
97
205
100
180
85
81
97
94
161
151
94
174
159
217
85
96
164
204
168
211
91
124
111
52
49
87
205
95
50
122
100
49
113
82
89
215
47
60
84
82
101
47
177
94
170
100
167
100
98
91
90
97
97
208
86
220
82
51
173
101
57
42
82
170
91
98
54
173
87
203
207
95
92
88
126
206
176
50
90
92
203
166
100
226
50
59
101
173
164
86
57
95
224
52
170
176
91
101
85
50
179
83
218
85
220
222
58
81
92
175
168
205
96
126
167
42
55
207
227
91
43
204
99
169
42
53
157
169
96
85
99
155
223
54
98
156
99
61
98
226
47
91
216
92
90
177
100
84
230
99
50
219
226
56
221
85
116
100
49
92
98
154
180
91
88
47
124
86
60
59
47
84
177
209
229
61
99
164
99
95
100
215
164
93
204
175
97
85
111
42
179
94
90
47
87
84
165
224
171
82
48
100
230
95
224
56
213
112
219
84
93
118
42
54
119
155
169
98
58
156
101
172
87
219
157
49
168
173
94
52
51
45
225
59
118
202
94
90
94
162
208
123
155
96
154
61
230
176
179
167
90
175
172
89
86
178
95
83
159
175
51
48
96
89
60
158
83
98
204
202
156
53
215
213
180
89
95
155
175
161
56
91
159
170
98
227
47
100
218
230
82
81
95
176
202
155
211
223
100
124
177
45
221
210
99
85
171
203
49
174
90
46
54
161
100
162
42
94
206
116
50
93
170
152
98
216
201
83
54
228
160
93
164
92
97
156
154
169
100
88
229
215
94
85
86
56
151
53
229
213
163
92
179
95
92
165
93
153
87
230
50
212
101
81
216
94
153
97
97
159
162
226
97
98
230
98
157
86
44
100
203
174
125
213
54
97
89
178
166
44
217
209
165
98
167
57
171
84
45
175
51
224
93
43
95
216
61
174
44
92
201
151
206
88
169
165
209
169
129
101
86
88
87
96
86
178
93
82
53
56
175
98
100
97
45
229
45
83
213
169
172
46
45
120
176
175
225
161
89
96
168
211
91
87
85
59
119
154
97
93
227
180
91
91
221
59
59
174
151
118
97
61
214
230
160
100
170
95
228
98
124
224
204
54
97
54
181
163
94
85
174
179
83
90
228
163
87
223
157
48
95
56
57
92
201
160
81
81
85
95
51
82
94
87
83
119
174
231
84
100
91
56
153
94
101
128
97
207
167
180
176
86
130
179
82
59
203
100
178
47
86
213
158
85
181
153
46
118
83
181
213
61
221
88
95
165
82
97
87
92
100
205
212
156
116
168
156
94
158
214
93
167
47
215
57
54
212
98
43
154
48
85
88
87
98
171
163
230
201
99
93
181
206
101
90
94
88
86
97
90
113
91
57
45
42
167
173
41
211
220
87
85
208
117
92
216
160
211
170
174
215
97
203
85
177
152
222
161
99
95
167
100
87
95
231
201
43
84
95
131
169
171
121
49
160
100
95
84
152
180
96
165
151
42
89
225
168
61
96
99
89
213
201
98
166
123
130
169
203
81
46
43
223
212
117
115
44
220
89
100
93
113
89
127
160
90
45
213
231
48
84
227
168
82
99
88
46
101
205
51
93
224
92
113
161
162
47
117
91
43
87
90
91
167
83
86
60
89
112
95
95
178
94
180
101
87
125
169
46
161
87
50
209
179
100
217
153
87
156
86
180
151
61
87
91
225
94
92
168
95
54
156
162
44
99
96
160
96
205
131
154
88
82
181
97
115
85
81
92
97
216
97
152
99
204
43
83
165
92
86
98
178
93
93
219
97
85
59
84
61
58
84
163
97
152
57
171
85
171
208
90
165
100
120
216
212
87
93
41
86
50
201
87
54
90
51
81
88
169
131
43
54
213
57
176
175
176
90
94
53
178
97
117
100
113
100
100
113
44
116
98
173
81
51
170
166
100
92
208
219
91
95
177
88
90
90
100
216
91
93
86
178
91
158
97
98
94
224
99
97
87
127
84
92
97
86
50
156
170
211
229
82
92
219
231
176
54
224
89
87
160
178
156
98
206
210
167
97
205
170
91
130
95
97
94
87
91
130
95
209
43
168
220
163
212
88
205
168
168
162
98
230
87
179
81
231
90
92
114
213
85
44
83
114
42
130
100
95
95
85
91
163
43
99
111
85
94
52
100
46
227
228
99
130
53
210
49
231
81
94
46
117
218
181
168
85
99
57
93
85
81
94
82
84
206
93
97
83
179
99
231
91
83
231
204
181
98
55
230
90
166
84
91
84
173
172
92
93
166
101
211
54
203
100
82
85
180
96
164
175
99
178
60
181
81
45
207
94
98
173
210
151
121
174
91
167
89
100
48
41
168
155
95
120
92
123
55
85
152
55
221
226
44
158
88
85
155
86
97
53
222
181
153
87
93
82
228
83
155
87
100
82
125
100
118
49
81
88
167
173
154
85
82
177
87
53
61
230
155
172
214
163
51
204
100
179
52
95
208
91
170
91
90
88
166
180
229
152
43
97
208
49
225
227
87
91
151
166
211
173
94
114
57
174
175
99
119
92
98
86
86
87
90
152
168
121
53
98
151
151
165
51
89
177
221
86
101
48
59
94
154
84
86
211
51
208
155
166
207
56
114
49
91
43
46
171
228
85
170
85
46
100
223
206
223
172
48
82
55
82
217
123
228
61
93
97
45
121
84
61
229
84
155
223
123
94
95
179
151
101
157
221
47
120
165
163
224
53
96
99
83
210
169
202
86
95
88
156
51
156
168
59
93
90
49
100
157
121
87
214
220
168
181
227
173
44
118
98
92
206
57
87
227
94
173
168
230
61
42
154
101
177
177
96
170
85
92
167
230
158
99
59
159
166
52
89
114
173
81
81
167
151
56
201
91
223
91
97
92
165
89
44
210
44
224
45
59
82
158
85
90
167
97
58
171
89
217
179
47
126
152
172
92
174
41
93
56
205
218
49
94
97
230
202
83
225
58
60
51
170
82
93
87
201
226
179
212
231
219
152
56
98
82
213
224
112
117
55
206
219
92
100
227
167
163
88
202
46
96
217
85
167
221
161
157
87
94
98
81
98
47
119
201
97
96
127
177
51
155
180
213
94
112
202
98
117
87
172
221
46
82
54
53
164
171
181
95
81
225
154
158
166
88
94
177
126
95
91
95
224
156
100
152
99
223
49
45
176
89
222
220
164
166
99
46
100
55
158
90
57
178
164
95
173
48
118
177
98
90
205
83
213
42
87
175
41
85
169
93
170
206
151
52
88
93
128
99
94
161
95
42
207
94
49
180
112
59
114
94
166
175
48
51
82
164
96
207
221
112
159
124
163
211
85
82
125
111
84
81
207
87
60
156
229
53
124
95
83
218
55
176
88
116
126
87
89
99
97
179
89
81
151
230
173
166
101
98
81
89
166
87
85
155
124
89
93
48
127
165
169
203
168
202
153
50
60
152
82
91
82
93
228
219
50
44
86
116
100
90
101
161
165
164
88
166
50
49
225
171
215
101
153
111
164
179
158
81
97
49
93
167
158
98
174
216
46
99
93
159
170
216
208
91
94
61
85
201
60
175
84
202
210
97
84
151
100
203
216
170
158
81
95
101
180
86
168
209
81
96
211
155
57
221
49
120
173
92
163
210
56
155
48
155
179
93
92
221
54
155
50
59
219
91
99
101
57
215
41
53
213
88
115
91
131
167
152
98
210
175
53
231
96
84
181
169
60
101
97
94
85
96
98
88
116
89
179
93
88
84
95
204
101
48
126
201
176
224
59
211
101
48
212
172
98
213
171
152
61
91
216
122
208
166
180
223
178
91
48
47
48
99
116
89
212
88
97
158
61
229
50
166
120
225
88
82
