99
101
151
164
110
108
113
82
96
104
57
71
79
78
66
115
83
110
74
102
104
166
52
65
110
130
131
87
90
112
95
122
102
77
126
61
130
169
118
112
70
112
119
93
53
97
108
85
97
58
59
52
98
108
80
63
97
77
55
55
167
166
156
94
114
102
55
126
78
63
110
83
170
152
165
67
95
97
96
68
101
97
119
108
106
130
73
104
81
118
86
88
128
116
169
117
71
55
94
76
97
160
109
130
107
128
102
104
113
114
94
104
63
70
112
107
74
116
102
107
118
71
81
161
112
57
154
100
62
98
128
170
108
121
83
90
83
89
111
131
77
112
92
91
119
110
108
93
155
116
117
109
52
125
101
154
78
92
125
114
155
121
117
123
127
93
64
58
111
157
106
72
120
58
52
111
57
161
126
131
154
68
126
130
54
162
128
82
82
54
112
124
74
61
57
100
157
80
76
171
159
105
57
129
112
121
98
109
169
125
166
152
86
61
66
128
112
120
57
97
92
162
116
91
164
90
117
102
106
157
100
156
101
119
101
87
72
59
115
79
107
99
120
114
53
65
85
122
90
119
165
131
169
114
126
155
118
120
153
168
104
87
114
123
124
108
109
114
86
121
120
100
126
87
152
123
60
161
93
171
81
104
99
107
75
90
131
119
102
116
93
125
123
69
78
101
108
97
163
129
70
115
129
77
62
96
73
92
116
154
59
62
70
125
114
84
126
58
68
59
75
71
119
120
71
97
170
95
154
73
92
115
161
87
101
113
90
98
58
68
110
51
99
162
100
107
171
113
121
111
108
126
88
125
96
130
117
90
107
90
102
98
126
69
89
77
159
83
122
105
106
111
112
95
131
102
162
103
105
93
78
65
68
100
160
115
71
88
130
86
110
99
119
119
52
81
152
72
126
123
123
111
85
92
87
126
156
118
84
130
118
113
55
154
108
105
70
87
101
116
92
169
79
71
62
166
125
87
53
90
99
74
107
101
80
97
124
51
87
122
111
161
126
112
102
104
127
105
92
81
60
101
131
77
93
157
103
127
96
104
82
96
57
99
95
127
102
122
110
170
75
82
165
111
93
154
57
129
101
118
125
54
109
90
168
168
51
118
109
68
65
152
93
85
159
124
169
114
53
99
69
106
110
61
128
82
115
63
87
58
113
51
151
110
92
92
96
116
125
101
119
115
94
96
113
116
104
129
61
112
72
101
59
62
91
102
117
111
82
165
129
70
163
152
128
106
95
127
61
113
117
106
123
58
127
77
101
57
100
53
73
60
117
71
130
84
100
129
86
96
102
73
165
125
57
114
81
112
111
101
86
85
127
126
107
65
124
79
103
80
116
125
95
128
106
115
86
153
110
67
121
130
101
152
86
109
129
72
79
116
154
70
103
91
64
92
122
167
130
94
109
88
91
123
167
73
110
103
75
79
108
116
89
118
119
111
85
75
110
91
111
106
123
88
116
131
126
100
168
98
82
120
84
103
114
117
121
114
66
83
57
85
110
114
104
85
64
154
106
128
101
113
77
152
122
76
53
106
165
120
156
108
124
161
159
123
102
96
81
164
89
105
104
67
105
101
112
117
83
57
76
107
164
54
104
96
72
94
90
98
122
108
117
120
163
128
118
129
79
103
111
130
121
99
84
93
89
168
168
104
109
82
96
159
99
108
96
128
61
90
110
64
89
114
111
118
86
113
158
109
70
104
112
81
99
128
80
101
96
117
83
163
118
113
118
103
109
112
111
53
156
98
56
123
90
125
86
124
111
121
88
114
78
66
165
91
120
76
104
60
95
123
128
94
93
125
128
99
116
105
117
80
53
115
166
109
91
100
101
125
115
87
85
81
86
98
130
101
94
87
86
57
80
51
95
126
101
127
89
89
84
155
81
55
113
130
94
165
54
117
152
59
86
131
117
70
112
124
96
102
115
130
81
87
104
103
85
124
158
156
71
87
129
84
156
156
78
128
65
94
130
106
84
127
112
109
129
130
78
170
72
112
96
112
102
86
75
91
102
84
112
119
61
106
158
94
102
131
105
100
98
123
71
92
100
84
113
126
102
92
63
78
64
119
104
155
80
121
94
128
127
118
119
117
52
121
82
58
129
127
75
73
113
119
98
56
129
126
81
109
116
102
92
157
93
110
106
82
87
105
87
129
108
119
122
164
114
62
75
164
67
68
114
77
167
98
54
123
98
115
167
85
129
105
170
127
126
105
119
94
98
110
62
154
75
101
87
163
82
130
102
65
116
122
96
101
119
104
54
99
85
95
88
60
170
112
107
152
95
123
130
91
83
168
90
157
85
85
81
101
163
51
161
86
90
99
61
122
115
81
90
84
74
104
111
105
55
114
131
164
128
122
79
108
73
109
57
171
81
101
114
89
165
106
124
97
51
125
125
94
81
107
124
109
152
113
89
88
108
169
99
84
81
165
53
67
62
111
86
122
171
170
108
162
78
103
65
66
98
131
97
160
169
86
165
168
167
55
83
69
124
63
162
110
120
109
102
131
93
118
106
155
93
94
151
81
79
88
86
56
65
104
80
123
94
98
98
113
91
101
105
65
89
163
163
121
159
153
161
155
83
121
95
102
162
167
115
115
60
120
73
111
163
76
127
104
101
118
98
95
126
92
103
163
96
53
71
126
101
126
102
99
115
106
87
129
160
130
104
90
124
91
66
121
126
123
84
85
118
52
59
86
114
91
119
119
114
115
111
114
102
52
86
119
111
97
97
158
170
97
164
120
98
93
58
96
125
114
116
71
129
130
127
125
129
88
59
83
53
64
109
154
104
89
127
101
88
54
93
103
93
99
94
121
85
162
67
156
83
93
115
104
165
98
105
127
80
98
96
97
110
118
53
93
77
116
159
70
103
124
91
165
152
99
124
83
91
101
81
75
89
97
165
105
92
113
97
104
53
117
121
155
97
65
159
112
78
101
161
57
56
88
102
124
81
114
119
120
86
118
87
80
60
72
127
159
53
85
112
106
101
103
94
101
103
126
77
153
76
90
126
110
157
67
99
130
102
104
98
127
85
99
103
113
160
128
116
162
129
99
69
121
110
153
109
75
126
58
152
89
87
118
81
119
81
100
69
99
97
93
151
89
101
116
78
124
90
151
110
83
122
153
101
107
69
107
107
155
122
110
70
171
131
129
119
71
171
83
99
107
126
116
127
99
104
105
159
120
130
124
99
126
101
115
110
90
92
81
103
129
86
94
108
61
160
105
157
105
127
125
87
116
126
113
79
130
156
159
107
120
92
71
99
156
117
119
102
101
124
155
116
116
106
130
64
154
110
99
95
95
106
117
118
113
113
171
99
107
103
128
131
90
98
62
99
101
99
54
99
89
77
111
82
163
152
125
170
103
107
96
160
99
71
131
84
118
106
98
86
59
106
108
111
94
67
117
66
125
120
94
161
90
65
53
66
76
162
167
86
95
97
111
83
61
127
124
127
69
125
120
98
97
106
82
77
77
106
74
89
105
115
126
159
94
107
81
60
76
85
70
153
94
122
111
63
166
160
115
107
83
168
100
103
113
95
51
57
123
64
94
107
73
101
109
60
94
123
77
56
106
166
168
153
69
161
60
128
165
81
125
168
124
131
89
96
122
62
95
131
169
170
169
117
106
75
119
125
103
120
153
124
92
166
83
128
54
98
100
107
125
58
110
111
105
75
120
88
60
77
123
98
170
86
102
51
103
92
115
117
118
162
65
163
118
126
82
131
76
111
75
131
95
95
71
113
99
100
109
93
99
95
124
89
115
104
74
86
83
127
90
82
166
103
118
89
168
93
87
55
113
71
92
127
131
101
64
70
121
82
130
82
101
119
89
109
56
82
121
128
127
88
57
105
107
129
131
123
131
96
91
99
114
112
97
160
111
127
87
121
151
96
109
89
88
105
109
53
95
96
113
92
101
120
88
59
120
119
89
155
71
98
108
100
117
105
105
111
158
167
129
152
164
163
100
58
116
130
101
90
118
166
68
127
151
112
92
105
119
168
113
92
90
118
83
125
112
93
108
107
94
91
168
92
104
110
114
107
82
95
85
51
91
96
125
90
96
56
111
62
123
84
119
86
131
115
98
155
67
157
96
94
99
92
122
121
53
65
116
78
96
130
67
89
82
88
95
128
120
165
89
118
95
87
95
82
79
107
129
96
121
101
85
60
120
69
153
103
84
122
123
130
83
158
93
156
128
57
100
128
113
90
89
88
102
125
57
117
99
160
83
101
112
56
111
97
117
110
97
89
131
120
123
81
125
117
81
83
120
129
103
51
120
155
128
61
116
87
76
110
90
74
129
72
109
117
123
96
58
108
86
156
106
128
104
94
90
105
159
166
99
83
126
100
101
115
161
155
120
160
56
51
87
75
53
88
52
95
101
124
112
101
85
86
62
103
92
162
94
166
90
70
87
159
74
86
52
171
128
162
102
128
127
156
51
83
83
121
59
156
73
116
117
111
85
103
154
78
121
110
102
101
122
65
91
89
115
92
115
58
122
101
113
84
117
95
109
90
73
155
68
