49
50
42
47
143
71
118
101
44
110
113
71
111
102
134
142
41
64
107
119
114
51
69
62
102
112
44
28
43
118
50
102
119
67
44
107
121
112
141
108
109
111
138
26
42
44
119
28
103
148
41
133
65
131
120
62
41
145
47
150
42
50
51
51
114
112
139
115
119
115
70
146
120
45
48
113
51
148
41
120
136
51
102
64
103
71
63
111
117
132
68
41
142
140
49
69
148
139
23
139
51
103
68
115
65
71
135
112
144
104
42
116
62
135
120
62
137
45
102
116
117
64
43
110
134
106
50
43
71
116
48
41
120
64
45
71
47
112
46
102
70
61
119
45
135
107
63
63
26
41
64
67
49
41
120
116
142
89
71
118
49
135
105
134
106
101
68
101
102
91
136
116
102
151
70
145
136
118
67
104
25
46
109
143
108
148
65
111
84
148
143
137
116
140
134
27
48
69
106
114
109
118
132
107
132
145
49
132
24
45
48
87
103
44
61
65
103
64
104
45
42
149
139
106
113
82
103
114
148
44
48
138
63
146
112
44
139
69
63
105
144
49
62
61
143
133
119
68
116
63
51
62
47
144
102
137
150
69
115
104
43
103
67
70
106
136
64
108
48
118
69
89
135
45
47
137
114
47
46
41
69
133
45
63
65
145
62
132
109
131
47
147
47
149
112
115
101
42
31
103
113
111
41
109
63
51
142
120
151
29
112
102
71
67
62
44
102
114
108
134
67
142
138
101
112
43
44
112
30
118
138
135
48
45
49
68
44
41
117
111
105
121
144
109
69
136
48
102
64
134
135
135
42
51
48
67
68
49
65
131
65
82
148
106
88
105
46
43
41
65
69
68
71
42
108
145
120
49
115
81
114
149
109
50
48
118
103
41
144
63
110
49
105
113
133
149
42
66
148
114
61
142
44
103
49
140
45
111
41
118
149
121
70
108
67
147
118
50
44
103
41
42
42
137
137
24
118
145
48
50
28
113
151
134
150
45
64
142
108
66
147
23
147
139
109
64
63
111
43
68
71
84
111
132
121
45
137
110
47
64
50
31
120
116
66
118
136
134
64
41
70
28
145
117
41
120
71
107
134
115
111
149
113
107
114
116
116
114
69
104
61
46
46
111
51
114
42
104
149
41
44
111
141
113
140
51
107
106
43
51
150
71
43
132
150
49
42
116
121
113
66
141
49
144
102
101
61
121
114
118
66
115
119
114
151
71
145
62
43
121
69
71
42
151
103
149
46
63
141
115
107
150
149
62
110
142
136
133
51
137
111
110
48
144
116
41
50
151
121
119
64
115
63
148
108
137
145
121
151
64
110
105
138
64
145
145
146
116
67
66
135
107
46
68
134
67
66
45
116
64
51
50
108
102
105
44
107
144
144
71
41
117
143
91
147
29
66
49
134
51
119
48
46
113
41
61
65
62
145
106
64
142
44
146
149
145
85
120
113
46
67
109
134
103
143
112
105
27
41
81
45
68
87
139
110
117
101
106
133
51
102
43
63
65
112
61
111
43
137
109
148
114
104
51
62
101
61
67
43
67
69
61
102
47
109
105
114
46
119
120
120
143
135
131
61
138
110
111
24
105
68
63
48
114
121
138
65
102
27
116
65
104
109
142
49
65
150
117
115
108
136
144
66
116
25
42
44
105
46
144
67
45
41
30
88
41
113
102
148
51
114
67
46
148
112
61
105
143
49
69
107
131
118
41
44
71
63
44
50
140
45
42
108
107
102
117
66
113
146
118
50
43
103
117
41
137
50
135
120
70
114
114
101
132
43
89
104
51
64
63
82
69
117
113
88
114
108
115
116
148
41
135
133
142
112
51
117
62
51
68
142
149
41
43
46
104
131
45
113
137
48
137
118
147
43
48
107
151
47
111
103
45
101
118
64
112
47
48
134
121
109
101
147
105
69
71
65
70
118
145
105
114
120
29
113
62
44
121
49
51
65
50
62
91
45
44
102
70
69
113
120
65
119
70
134
111
136
67
43
51
45
103
115
113
115
50
101
44
50
42
146
63
107
66
27
62
68
65
51
102
116
64
144
104
41
23
138
108
106
117
117
119
135
109
144
116
143
66
48
104
106
146
118
138
151
148
50
111
68
66
113
118
104
143
91
146
109
69
23
140
44
131
67
107
120
133
68
117
43
150
138
62
106
140
145
51
133
144
116
115
119
140
68
117
48
50
67
118
88
102
48
44
42
101
43
71
106
119
139
43
43
117
46
151
111
51
50
147
43
141
148
45
120
116
116
112
148
71
121
101
46
28
41
145
44
45
65
44
25
44
110
50
44
48
50
83
112
68
61
107
41
131
49
42
46
41
110
68
108
84
149
91
110
137
116
102
109
116
145
103
151
62
66
105
120
134
71
112
61
46
119
106
104
119
132
114
133
71
110
50
69
143
150
107
104
143
84
43
133
145
49
121
145
149
104
71
70
121
111
67
48
119
120
29
62
114
66
140
46
62
45
49
148
111
48
26
106
116
111
114
102
150
105
65
65
62
71
114
47
114
103
70
51
46
70
90
145
51
48
106
106
135
118
120
41
144
69
113
109
110
149
102
50
101
68
105
118
115
115
51
149
50
44
103
47
23
137
68
139
110
62
114
101
148
109
61
102
67
24
49
135
107
131
41
82
67
117
119
143
71
70
110
137
105
51
120
82
149
70
110
119
49
112
43
108
141
49
26
111
121
111
90
135
91
144
105
141
63
62
103
105
146
81
50
111
84
45
120
64
51
42
145
49
46
66
25
121
71
142
110
41
141
109
65
134
101
64
43
67
68
109
46
109
47
61
49
41
118
45
116
48
115
50
133
115
43
145
48
45
118
107
101
43
48
104
133
67
30
47
48
121
141
62
113
147
133
44
116
67
65
87
51
24
49
111
44
43
116
48
114
84
48
117
102
49
106
109
113
105
120
106
43
138
106
41
103
151
120
112
140
146
47
111
136
46
119
147
50
103
66
62
65
109
134
66
103
63
146
146
139
47
121
148
110
65
115
116
116
112
89
139
111
104
61
50
136
106
112
107
139
120
42
68
110
30
120
133
50
107
90
118
105
108
51
71
101
113
107
49
120
63
103
110
112
111
45
107
47
145
110
115
48
83
109
149
66
65
112
106
23
112
82
63
114
104
110
106
47
144
118
118
110
112
114
138
105
44
44
65
118
141
105
113
62
115
118
45
103
46
115
112
119
113
106
114
108
47
42
109
68
43
50
111
119
104
101
115
133
105
44
49
143
63
140
143
66
120
102
120
71
83
121
67
108
132
148
68
120
136
47
121
71
118
120
140
50
145
148
104
50
150
104
103
113
112
49
138
108
143
116
51
115
106
151
103
101
47
142
150
51
118
110
47
102
42
147
84
120
117
116
44
30
121
64
23
109
132
50
46
65
107
140
105
50
103
139
67
141
70
150
41
42
121
108
70
114
119
81
114
49
81
137
50
66
102
143
51
68
139
136
47
43
68
50
44
103
66
147
117
139
65
68
26
103
43
120
140
64
112
63
133
41
103
135
107
47
49
140
116
51
105
48
64
138
44
112
149
132
71
50
135
108
150
137
64
45
135
69
101
68
147
41
45
109
47
132
64
101
48
113
91
120
103
48
44
67
149
104
110
139
62
42
112
120
151
113
115
146
114
47
62
84
137
42
151
139
62
110
67
140
142
114
63
135
145
149
42
109
120
138
25
115
144
107
139
118
105
132
46
145
61
119
45
121
144
42
68
114
45
61
116
46
119
105
104
140
26
71
46
46
43
68
28
112
105
101
109
115
107
85
43
50
62
138
110
105
45
27
120
147
150
46
107
146
138
120
139
136
66
111
101
141
105
119
121
68
84
118
105
61
49
104
112
150
66
67
121
144
108
31
65
141
44
65
51
70
142
139
112
105
121
103
43
121
144
110
103
47
116
65
45
47
65
61
103
141
116
107
87
149
51
65
119
107
138
137
137
111
104
107
43
41
47
141
148
67
103
31
46
101
101
109
143
51
144
47
143
62
111
101
49
47
71
31
148
71
112
150
101
105
49
105
132
106
103
105
109
31
43
45
144
46
49
108
110
115
135
111
66
67
45
109
109
64
70
88
119
71
111
150
48
48
23
69
48
142
102
120
113
90
145
61
107
88
67
51
114
111
89
64
46
45
102
41
50
148
110
51
68
102
50
49
151
141
140
67
69
46
103
63
132
144
41
113
91
64
105
49
144
151
118
49
106
105
103
144
71
114
43
65
150
49
138
136
46
106
117
44
50
50
119
146
138
102
119
48
45
148
134
142
63
146
103
140
138
114
105
69
62
108
69
117
42
116
66
71
49
68
68
112
67
102
71
103
134
49
119
41
42
51
102
147
51
110
63
51
85
108
91
102
63
88
119
145
41
144
24
109
67
137
144
51
25
118
121
51
42
109
48
42
146
44
114
42
46
115
146
120
103
50
150
103
115
106
102
114
62
103
43
108
65
118
138
103
48
49
113
149
117
112
119
144
121
46
45
137
108
102
138
150
41
150
49
113
106
143
51
138
82
68
